0.0  77  74.3338754708  43.2193407799
0.1  82  82.8615509101  49.2915219702
0.2  67  66.9099825349  42.4986805943
0.3  38  36.7453140364  26.6346690965
0.4  16  15.9785907153  15.3211361912
0.5  22  25.0950542294  22.9476977842
0.6  58  64.6643539284  52.149736236
0.7  106  111.740361224  88.2100834503
0.8  133  134.314820402  107.121508681
0.9  118  114.863786434  93.4788566163
1.0  72  65.6021549456  54.9623489139
1.1  29  22.5194391393  20.4979729702
1.2  21  20.5053470354  20.6945282803
1.3  57  66.8794788351  63.7667318677
1.4  122  133.50547815  125.87186786
1.5  174  175.054833025  165.564970487
1.6  167  161.503477524  153.730473653
1.7  110  101.255220565  96.9930799247
1.8  48  36.956307668  35.6779460207
1.9  21  15.7442572754  15.86412979
2.0  45  54.9906271557  55.3018821462
2.1  111  128.790070549  128.916771872
2.2  180  185.768065089  185.780507484
2.3  194  185.768065089  185.780507484
2.4  143  128.790070549  128.916771872
2.5  72  54.9906271557  55.3018821462
2.6  28  15.7442572754  15.86412979
2.7  36  36.956307668  35.6779460207
2.8  86  101.255220565  96.9930799247
2.9  153  161.503477524  153.730473653
3.0  180  175.054833025  165.564970487
3.1  151  133.50547815  125.87186786
3.2  87  66.8794788351  63.7667318677
3.3  40  20.5053470354  20.6945282803
3.4  31  22.5194391393  20.4979729702
3.5  61  65.6021549456  54.9623489139
